J = 0.28;
b = 8.5E-3;
K = 0.5093;
Ke = 0.5093;
Km = 0.5093;
R = 0.02;
L = 1.6E-3;

Ki = 25;
Kd = 0.1;
Kp = 6;

KiPos = 10;
KdPos = 0.2;
KpPos = 50;